  field   metric                    g_cad                    r_cad          RA      Dec     Ebv          l          b        phi      theta   Entry
    245      1.0       2.9267130000007455       2.9267130000007455     1.16039   -24.25    0.03     48.038   -79.5376   350.8741   -22.5923     244
    246      1.0       2.9161805999974604       2.9161805999974604     8.55346   -24.25    0.02    75.6123   -85.4187    357.526   -25.5164     245
    247      1.0        2.937054399997578        2.937054399997578    15.94654   -24.25    0.03   170.3877   -85.4187     4.3348   -28.4551     246
    248      1.0        2.956736149997596        2.956736149997596    23.33961   -24.25    0.01    197.962   -79.5376      11.35   -31.3667     247
    249      1.0       2.9568112999986624       2.9568112999986624    30.73268   -24.25    0.01   206.4267   -73.0847    18.6242   -34.2058     248
    250      1.0       2.9324247000004107       2.9324247000004107    38.12575   -24.25    0.03   211.1456   -66.5393    26.2102    -36.923     249
    251      1.0         2.94379630000185         2.94379630000185    45.51882   -24.25    0.02   214.5826   -59.9766    34.1576   -39.4638     250
    252      1.0       2.9358680000004824       2.9358680000004824    52.91189   -24.25    0.02   217.4613   -53.4229    42.5058   -41.7698     251
    253      1.0         2.97273149999819         2.97273149999819    60.30496   -24.25    0.05   220.0759   -46.8932    51.2759   -43.7788     252
    254      1.0       2.9792708000022685       2.9792708000022685    67.69804   -24.25    0.04   222.5746   -40.3993    60.4605   -45.4285     253
    255      1.0       2.9584490999986883       2.9584490999986883    75.09111   -24.25    0.04   225.0461   -33.9525    70.0139   -46.6602     254
    256      1.0       2.9989698999997927       2.9989698999997927    82.48418   -24.25    0.03   227.5526   -27.5653    79.8473   -47.4248     255
    257      1.0       2.9330381999970996       2.9330381999970996    89.87725   -24.25    0.05   230.1444   -21.2513    89.8337   -47.6892     256
    258      1.0        2.894386600004509        2.894386600004509    97.27032   -24.25     0.1   232.8673   -15.0272    99.8228   -47.4417     257
    259      0.5       1.9477720000031695       1.9477720000031695   104.66339   -24.25    0.19   235.7669    -8.9125   109.6635   -46.6933     258
    260     0.75       0.9774363500000618       0.9774363500000618   112.05646   -24.25    0.52   238.8922    -2.9315   119.2278   -45.4765     259
    261     0.75       0.9770833000002312       0.9770833000002312   119.39571   -24.25    0.17   242.2711     2.8444   128.3601    -43.853     260
    262     0.25        5.488061350002681        5.488061350002681   126.68114   -24.25     0.1   245.9562     8.3828   137.0225   -41.8886     261
    263      1.0       2.9980902999959653       2.9980902999959653   133.96657   -24.25     0.1   250.0365    13.6826   145.2747   -39.6326     262
    264      1.0       2.9987905000016326       2.9987905000016326     141.252   -24.25    0.14   254.5833    18.6889   153.1354   -37.1444     263
    265      1.0       2.9984027999998943       2.9984027999998943   148.53743   -24.25    0.05    259.671    23.3339   160.6416   -34.4804     264
    266      1.0       2.9901851499962504       2.9901851499962504   155.82286   -24.25    0.06   265.3694    27.5358   167.8399   -31.6928     265
    267      1.0          2.9646758999952          2.9646758999952   163.10829   -24.25    0.05   271.7302    31.1981   174.7809   -28.8297     266
    268      1.0        2.957696699995722        2.957696699995722   170.39371   -24.25     0.1   278.7661    34.2135   181.5151   -25.9349     267
    269      1.0        2.965763899999729        2.965763899999729   177.67914   -24.25    0.05   286.4266    36.4719   188.0903   -23.0487     268
    270      1.0        2.979606450000574        2.979606450000574   184.96457   -24.25     0.1   294.5772    37.8741   194.5505   -20.2087     269
    271     0.25        6.477309050002077        6.477309050002077      192.25   -24.25    0.07      303.0      38.35   200.9351   -17.4501     270
    272      1.0       2.9861575000031735       2.9861575000031735   199.53543   -24.25    0.12   311.4228    37.8741   207.2786   -14.8063     271
    273      1.0       2.9692129000031855       2.9692129000031855   206.82086   -24.25    0.08   319.5734    36.4719   213.6103   -12.3091     272
    274      1.0       2.9465509000001475       2.9465509000001475   214.10629   -24.25    0.09   327.2339    34.2135   219.9542    -9.9892     273
    275      1.0       2.9588310000035563       2.9588310000035563   221.39171   -24.25     0.1   334.2698    31.1981   226.3285    -7.8756     274
    276      1.0       2.9578645500041603       2.9578645500041603   228.67714   -24.25    0.12   340.6306    27.5358    232.746    -5.9958     275
    277      1.0        2.962604200001806        2.962604200001806   235.96257   -24.25    0.22    346.329    23.3339   239.2138    -4.3751     276
    278      1.0       2.9580034499995236       2.9580034499995236     243.248   -24.25    0.18   351.4167    18.6889   245.7331    -3.0363     277
    279      1.0       3.0232060000053025       3.0232060000053025   250.53343   -24.25    0.39   355.9635    13.6826   252.2998    -1.9989     278
    280      1.0       2.9798726000008173       2.9798726000008173   257.81886   -24.25    0.35     0.0438     8.3828   258.9052    -1.2786     279
    281      0.5       1.9377082999999402       1.9377082999999402   265.10429   -24.25    0.67     3.7289     2.8444   265.5367    -0.8865     280
    282      0.5        1.967592600001808        1.967592600001808   272.44354   -24.25    1.71     7.1078    -2.9315    272.228    -0.8296     281
    283      1.0        3.003234949999751        3.003234949999751   279.83661   -24.25    0.23    10.2331    -8.9125   278.9629    -1.1162     282
    284      1.0       2.9995834000001196       2.9995834000001196   287.22968   -24.25    0.14    13.1327   -15.0272   285.6757    -1.7434     283
    285      1.0        3.000607649999438        3.000607649999438   294.62275   -24.25    0.12    15.8556   -21.2513   292.3523    -2.7012     284
    286      1.0       2.9468056000005163       2.9468056000005163   302.01582   -24.25    0.13    18.4474   -27.5653   298.9823    -3.9745     285
    287      1.0       2.9515277499995136       2.9515277499995136   309.40889   -24.25    0.05    20.9539   -33.9525   305.5598     -5.544     286
    288      1.0       2.9768518999990192       2.9768518999990192   316.80196   -24.25    0.06    23.4254   -40.3993   312.0848    -7.3867     287
    289      1.0       2.9357985999995435       2.9357985999995435   324.19504   -24.25    0.05    25.9241   -46.8932   318.5629    -9.4769     288
    290      1.0        2.936493050005083        2.936493050005083   331.58811   -24.25    0.04    28.5387   -53.4229    325.006   -11.7863     289
    291      1.0       2.9328414000010525       2.9328414000010525   338.98118   -24.25    0.02    31.4174   -59.9766   331.4321   -14.2849     290
    292      1.0       2.9572916999968584       2.9572916999968584   346.37425   -24.25    0.02    34.8544   -66.5393   337.8648   -16.9411     291
    293      1.0       2.9635994999989634       2.9635994999989634   353.76732   -24.25    0.02    39.5733   -73.0847   344.3338   -19.7217     292
    294      1.0       2.9258218000031775       2.9258218000031775     1.62711   -17.05    0.03    77.3221   -75.7386   354.5176   -16.2488     293
    295      1.0        2.915682900002139        2.915682900002139     8.70904   -17.05    0.02   104.7265   -79.1454     0.9812   -19.0622     294
    296      1.0       2.9283448999995016       2.9283448999995016    15.79096   -17.05    0.02   141.2735   -79.1454     7.5583   -21.8699     295
    297      1.0        2.917384199998196        2.917384199998196    22.87289   -17.05    0.02   168.6779   -75.7386    14.2864   -24.6344     296
    298      1.0       2.9552431000047363       2.9552431000047363    29.95482   -17.05    0.03   184.3543   -70.6524    21.2035   -27.3161     297
    299      1.0       2.9337615500007814       2.9337615500007814    37.03675   -17.05    0.03   193.8575   -64.8952    28.3456   -29.8726     298
    300      1.0        2.924270899995463        2.924270899995463    44.11868   -17.05    0.04   200.3449   -58.8462    35.7446   -32.2593     299
    301      1.0       2.9013773500009847       2.9013773500009847    51.20061   -17.05    0.07   205.2449   -52.6582    43.4241   -34.4295     300
    302      1.0       2.9190855999986525       2.9190855999986525    58.28254   -17.05    0.04   209.2468   -46.4031    51.3955   -36.3353     301
    303      0.5       1.9943576000005123       1.9943576000005123    65.36446   -17.05    0.04   212.7177   -40.1204    59.6521   -37.9294     302
    304      0.5        1.951932800002396        1.951932800002396    72.44639   -17.05    0.08    215.873   -33.8354    68.1664   -39.1681     303
    305      0.5        2.000503449999087        2.000503449999087    79.52832   -17.05    0.07   218.8512    -27.567    76.8868   -40.0138     304
    306      0.5        2.061828700003389        2.061828700003389    86.61025   -17.05    0.11     221.75   -21.3312    85.7405   -40.4392     305
    307      1.0         2.92708914999821         2.92708914999821    93.69218   -17.05    0.18   224.6452   -15.1437    94.6391   -40.4299     306
    308      1.0         2.98339119999946         2.98339119999946   100.77411   -17.05    0.48   227.6018    -9.0209   103.4889   -39.9861     307
    309     0.75       0.9884258999954909       0.9884258999954909   107.85604   -17.05    1.12   230.6802    -2.9817   112.2019    -39.123     308
    310     0.75       0.9571875000037835       0.9571875000037835   114.91235   -17.05    0.13   233.9298     2.9306   120.6757   -37.8735     309
    311      1.0        2.956990799997584        2.956990799997584   121.94304   -17.05    0.08   237.4136     8.6904   128.8629   -36.2791     310
    312      1.0        2.937922499997512        2.937922499997512   128.97374   -17.05    0.07   241.2152    14.2859   136.7684   -34.3791     311
    313      1.0        2.929508050001459        2.929508050001459   136.00443   -17.05    0.05   245.4169    19.6751   144.3864   -32.2196     312
    314     0.25      0.05035879999923054      0.05035879999923054   143.03513   -17.05    0.06   250.1122    24.8043   151.7282   -29.8474     313
    315     0.75       0.5389699500010465       0.5389699500010465   150.06583   -17.05    0.06   255.4049    29.6049    158.817   -27.3084     314
    316      1.0       2.9919907500006957       2.9919907500006957   157.09652   -17.05    0.06   261.4018    33.9903   165.6841   -24.6462     315
    317      1.0       2.9829629000014393       2.9829629000014393   164.12722   -17.05    0.04   268.1979    37.8541   172.3649   -21.9022     316
    318      1.0        2.979340250003588        2.979340250003588   171.15791   -17.05    0.09   275.8472    41.0711   178.8964   -19.1151     317
    319      1.0       2.9963426499998604       2.9963426499998604   178.18861   -17.05    0.04   284.3216    43.5058   185.3154   -16.3218     318
    320      1.0        2.977766199997859        2.977766199997859    185.2193   -17.05    0.05    293.469    45.0302   191.6571   -13.5572     319
    321      1.0       3.0127372499991907       3.0127372499991907      192.25   -17.05    0.04      303.0      45.55   197.9544   -10.8548     320
    322      1.0        2.978941000001214        2.978941000001214    199.2807   -17.05    0.08    312.531    45.0302   204.2369    -8.2469     321
    323      1.0       2.9607407999938005       2.9607407999938005   206.31139   -17.05    0.08   321.6784    43.5058   210.5307    -5.7649     322
    324      1.0       2.9182986999949208       2.9182986999949208   213.34209   -17.05    0.08   330.1528    41.0711   216.8577    -3.4391     323
    325      1.0        2.938298600001872        2.938298600001872   220.37278   -17.05    0.12   337.8021    37.8541   223.2351    -1.2992     324
    326      1.0        2.939282399995136        2.939282399995136   227.40348   -17.05    0.09   344.5982    33.9903    229.675     0.6267     325
    327      1.0       2.9577083999975002       2.9577083999975002   234.43417   -17.05    0.12   350.5951    29.6049    236.184     2.3118     326
    328      1.0       2.9577083999975002       2.9577083999975002   241.46487   -17.05    0.21   355.8878    24.8043    242.763     3.7318     327
    329      1.0        2.960995350000303        2.960995350000303   248.49557   -17.05    0.44     0.5831    19.6751   249.4069     4.8651     328
    330      1.0        2.978640000004816        2.978640000004816   255.52626   -17.05    0.28     4.7848    14.2859   256.1054     5.6939     329
    331      1.0       2.9221643999990192       2.9221643999990192   262.55696   -17.05    0.24     8.5864     8.6904   262.8437     6.2046     330
    332     0.75       1.0204919499992684       1.0204919499992684   269.58765   -17.05    0.65    12.0702     2.9306   269.6033     6.3887     331
    333     0.75       1.0130903000026592       1.0130903000026592   276.64396   -17.05     1.3    15.3198    -2.9817   276.3888     6.2421     332
    334      1.0        2.978697849997843        2.978697849997843   283.72589   -17.05    0.24    18.3982    -9.0209   283.1794     5.7635     333
    335      1.0        2.936608799995156        2.936608799995156   290.80782   -17.05    0.13    21.3548   -15.1437   289.9316     4.9611     334
    336      1.0        2.956041699995694        2.956041699995694   297.88975   -17.05    0.18      24.25   -21.3312   296.6298     3.8481     335
    337      1.0       2.9392477000001236       2.9392477000001236   304.97168   -17.05    0.09    27.1488    -27.567   303.2627     2.4424     336
    338      1.0       2.9110531999976956       2.9110531999976956   312.05361   -17.05    0.06     30.127   -33.8354   309.8249     0.7657     337
    339      1.0       2.9405497500010824       2.9405497500010824   319.13554   -17.05    0.09    33.2823   -40.1204   316.3167    -1.1572     338
    340      1.0       2.9353356499996153       2.9353356499996153   326.21746   -17.05    0.05    36.7532   -46.4031   322.7444    -3.2993     339
    341      1.0       2.9514409999974305       2.9514409999974305   333.29939   -17.05    0.03    40.7551   -52.6582   329.1201    -5.6317     340
    342      1.0        2.937795149999147        2.937795149999147   340.38132   -17.05    0.03    45.6551   -58.8462    335.461    -8.1245     341
    343      1.0        2.958286999994016        2.958286999994016   347.46325   -17.05    0.03    52.1425   -64.8952   341.7893   -10.7464     342
    344      1.0        2.936296300002141        2.936296300002141   354.54518   -17.05    0.03    61.6457   -70.6524   348.1314   -13.4655     343
    345      1.0        2.938194400001521        2.938194400001521     5.20081    -9.85    0.04   100.9227   -71.2343     0.8112   -11.0975     344
    346      1.0       2.9368402999971295       2.9368402999971295       12.25    -9.85    0.04      123.0     -72.45     7.3241   -13.8929     345
    347      1.0       2.9292591999983415       2.9292591999983415    19.29919    -9.85    0.06   145.0773   -71.2343     13.934   -16.6474     346
    348      1.0       2.9336922000002232       2.9336922000002232    26.34837    -9.85    0.03   162.8169   -67.9882    20.6735   -19.3231     347
    349      1.0        2.918865799998457        2.918865799998457    33.39756    -9.85    0.02   175.6776   -63.4501    27.5729    -21.881     348
    350      1.0       2.9140047000037157       2.9140047000037157    40.44674    -9.85    0.03   184.9807   -58.1737     34.659   -24.2805     349
    351      1.0         2.88752315000238         2.88752315000238    47.49593    -9.85    0.05   191.9858   -52.4763    41.9521   -26.4799     350
    352      1.0       2.9055671999958577       2.9055671999958577    54.54511    -9.85    0.06   197.5294   -46.5315    49.4635   -28.4372     351
    353      1.0       2.9344444000016665       2.9344444000016665     61.5943    -9.85    0.05   202.1303   -40.4378    57.1927   -30.1113     352
    354      1.0        2.937216400001489        2.937216400001489    68.64348    -9.85    0.09   206.1151   -34.2549    65.1245   -31.4635     353
    355     0.75       1.0777429999943706       1.0777429999943706    75.69267    -9.85    0.07   209.6983    -28.022     73.228     -32.46     354
    356     0.75       1.0020428000025277       1.0020428000025277    82.74185    -9.85    0.13   213.0286    -21.767    81.4572   -33.0743     355
    357     0.75       0.9876504999992903       0.9876504999992903    89.79104    -9.85    0.56   216.2161    -15.512    89.7537   -33.2891     356
    358     0.75       0.9995717499987222       0.9995717499987222    96.84022    -9.85    0.64   219.3486    -9.2762    98.0522   -33.0983     357
    359     0.75       0.9678124999954889       0.9678124999954889   103.88941    -9.85    0.38   222.5024    -3.0783   106.2871   -32.5073     358
    360     0.75        0.956273149997287        0.956273149997287   110.94883    -9.85    0.49   225.7543     3.0707   114.4112   -31.5311     359
    361      1.0       2.9747454000025755       2.9747454000025755    118.0185    -9.85    0.15   229.1789     9.1478   122.3767   -30.1942     360
    362      1.0       2.9189409499995236       2.9189409499995236   125.08817    -9.85    0.09   232.8533    15.1165   130.1397   -28.5316     361
    363      0.5        2.032824100002472        2.032824100002472   132.15783    -9.85    0.05   236.8714    20.9418   137.6841    -26.582     362
    364      1.0       2.8940625000032014       2.8940625000032014    139.2275    -9.85    0.06   241.3452    26.5785   145.0087   -24.3868     363
    365      1.0        2.914965199997823        2.914965199997823   146.29717    -9.85    0.05   246.4091    31.9669   152.1242   -21.9885     364
    366      0.5       2.4469676000007894       2.4469676000007894   153.36683    -9.85    0.07   252.2227    37.0266   159.0511    -19.429     365
    367      1.0        2.947656250002183        2.947656250002183    160.4365    -9.85    0.05   258.9647    41.6509   165.8158   -16.7494     366
    368      1.0        2.957581000002392        2.957581000002392   167.50617    -9.85    0.03   266.8098    45.6999   172.4491   -13.9891     367
    369     0.25       3.9087384000013117       3.9087384000013117   174.57583    -9.85    0.03   275.8739    49.0003   178.9836   -11.1863     368
    370      1.0         2.98838539999997         2.98838539999997    181.6455    -9.85    0.03   286.1205     51.358   185.4524    -8.3778     369
    371      1.0        3.001990750002733        3.001990750002733   188.71517    -9.85    0.04   297.2609    52.5928   191.8881    -5.5992     370
    372      1.0        3.000682899997628        3.000682899997628   195.78483    -9.85    0.05   308.7391    52.5928   198.3213    -2.8856     371
    373      1.0       2.9584490999986883       2.9584490999986883    202.8545    -9.85    0.03   319.8795     51.358   204.7804    -0.2714     372
    374      1.0        2.978356449995772        2.978356449995772   209.92417    -9.85    0.06   330.1261    49.0003   211.2904     2.2095     373
    375      1.0        2.979074099996069        2.979074099996069   216.99383    -9.85    0.05   339.1902    45.6999   217.8718     4.5238     374
    376      1.0       2.9374247999985528       2.9374247999985528    224.0635    -9.85    0.11   347.0353    41.6509   224.5404     6.6385     375
    377      1.0        2.928067149998242        2.928067149998242   231.13317    -9.85     0.1   353.7773    37.0266   231.3057     8.5222     376
    378      1.0        2.944623800001864        2.944623800001864   238.20283    -9.85    0.14   359.5909    31.9669   238.1706    10.1451     377
    379      1.0        2.912823999999091        2.912823999999091    245.2725    -9.85    0.19     4.6548    26.5785   245.1307    11.4799     378
    380      1.0       2.9375577999962843       2.9375577999962843   252.34217    -9.85    0.27     9.1286    20.9418   252.1744    12.5033     379
    381      1.0       2.9410242500016466       2.9410242500016466   259.41183    -9.85    0.37    13.1467    15.1165   259.2835    13.1963     380
    382      1.0       2.9232118500003708       2.9232118500003708    266.4815    -9.85    0.53    16.8211     9.1478   266.4341    13.5457     381
    383     0.75       0.9589466999968863       0.9589466999968863   273.55117    -9.85    0.74    20.2457     3.0707    273.599    13.5449     382
    384     0.75       0.9788193999993382       0.9788193999993382   280.61059    -9.85   14.79    23.4976    -3.0783   280.7391    13.1946     383
    385      1.0        2.898408549997839        2.898408549997839   287.65978    -9.85    0.31    26.6514    -9.2762   287.8275     12.503     384
    386      1.0        2.937245300003269        2.937245300003269   294.70896    -9.85     0.2    29.7839    -15.512    294.851     11.483     385
    387      1.0       2.9264120499974524       2.9264120499974524   301.75815    -9.85    0.16    32.9714    -21.767   301.7913    10.1533     386
    388      1.0       2.9365508999981103       2.9365508999981103   308.80733    -9.85    0.07    36.3017    -28.022   308.6369      8.537     387
    389      1.0       2.9211400000021968       2.9211400000021968   315.85652    -9.85    0.11    39.8849   -34.2549   315.3836     6.6612     388
    390      1.0        2.910694499994861        2.910694499994861    322.9057    -9.85    0.05    43.8697   -40.4378    322.034     4.5553     389
    391      1.0       2.9386226999995415       2.9386226999995415   329.95489    -9.85    0.04    48.4706   -46.5315   328.5977     2.2506     390
    392      1.0       2.9396644000007655       2.9396644000007655   337.00407    -9.85    0.07    54.0142   -52.4763   335.0899    -0.2204     391
    393      1.0         2.93999420000182         2.93999420000182   344.05326    -9.85    0.04    61.0193   -58.1737   341.5312    -2.8245     392
    394      1.0       2.9613658000016585       2.9613658000016585   351.10244    -9.85    0.04    70.3224   -63.4501   347.9461    -5.5282     393
    395      1.0       2.9400463000056334       2.9400463000056334   358.15163    -9.85    0.03    83.1831   -67.9882   354.3626    -8.2974     394
    396      1.0        2.910833400004776        2.910833400004776     1.70673    -2.65    0.04    99.0188   -63.2744      0.511    -3.1101     395
    397      1.0         2.93518519999634         2.93518519999634     8.73558    -2.65    0.05   114.6618   -65.0227     6.9755    -5.8985     396
    398      1.0       2.9132408000004943       2.9132408000004943    15.76442    -2.65    0.04   131.3382   -65.0227     13.489    -8.6486     397
    399      1.0       2.9240625000020373       2.9240625000020373    22.79327    -2.65    0.03   146.9812   -63.2744    20.0812    -11.324     398
    400      1.0       2.8933680499976617       2.8933680499976617    29.82212    -2.65    0.02   160.2078   -60.0843    26.7799   -13.8881     399
    401      1.0        2.911192100000335        2.911192100000335    36.85096    -2.65    0.03   170.8105   -55.8572    33.6092   -16.3035     400
    402      1.0       2.8946412000004784       2.8946412000004784    43.87981    -2.65    0.08   179.2247   -50.9324    40.5882   -18.5325     401
    403      1.0       2.9173957999955746       2.9173957999955746    50.90865    -2.65    0.04   186.0015   -45.5461    47.7292   -20.5375     402
    404      1.0       2.8974652999968384       2.8974652999968384     57.9375    -2.65    0.22   191.6018   -39.8527    55.0356   -22.2819     403
    405      1.0       2.9356655000010505       2.9356655000010505    64.96635    -2.65    0.06   196.3678   -33.9526    62.5005    -23.731     404
    406      1.0       2.9407869999995455       2.9407869999995455    71.99519    -2.65    0.06   200.5455   -27.9124    70.1058   -24.8544     405
    407     0.75       0.9887384000030579       0.9887384000030579    79.02404    -2.65    0.28   204.3139   -21.7785    77.8224   -25.6265     406
    408     0.75        0.966122699996049        0.966122699996049    86.05288    -2.65    0.62   207.8069   -15.5847    85.6112   -26.0292     407
    409     0.75       0.9855556000038632       0.9855556000038632    93.08173    -2.65    0.28   211.1299     -9.357     93.427   -26.0526     408
    410     0.75        0.942800900003931        0.942800900003931   100.11058    -2.65    0.91   214.3708    -3.1176   101.2217   -25.6963     409
    411     0.75       0.9588079000022844       0.9588079000022844      107.17    -2.65    0.16   217.6228     3.1405   108.9828   -24.9649     410
    412      0.5       2.4556134000013117       2.4556134000013117      114.26    -2.65     0.1   220.9648     9.3964   116.6688   -23.8712     411
    413      0.5        1.860196800000267        1.860196800000267      121.35    -2.65    0.04   224.4665    15.6001   124.2147   -22.4427     412
    414      0.5       1.9081944999998086       1.9081944999998086      128.44    -2.65    0.03   228.2238    21.7243   131.6006   -20.7107     413
    415      1.0       2.9357985999959055       2.9357985999959055      135.53    -2.65    0.02   232.3522    27.7344   138.8185     -18.71     414
    416      0.5       1.8846181000008073       1.8846181000008073      142.62    -2.65    0.04   236.9977    33.5844   145.8709   -16.4782     415
    417      1.0       2.9492418999980146       2.9492418999980146      149.71    -2.65    0.05   242.3488    39.2104   152.7698   -14.0539     416
    418      1.0       2.9564699000038672       2.9564699000038672       156.8    -2.65    0.05   248.6488     44.522   159.5343   -11.4757     417
    419      1.0       2.9794906999959494       2.9794906999959494      163.89    -2.65    0.05   256.1997    49.3891    166.189    -8.7821     418
    420      1.0        3.022303199999442        3.022303199999442      170.98    -2.65    0.03   265.3344    53.6273   172.7621    -6.0108     419
    421      1.0       3.0013658000025316       3.0013658000025316      178.07    -2.65    0.03   276.3096    56.9891   179.2841    -3.1989     420
    422      1.0       2.9669328500021948       2.9669328500021948      185.16    -2.65    0.03   289.0738    59.1829   185.7864    -0.3829     421
    423      1.0       2.9986805000007735       2.9986805000007735      192.25    -2.65    0.02      303.0      59.95   192.3005     2.4008     422
    424      1.0       2.9545080499992764       2.9545080499992764      199.34    -2.65    0.03   316.9262    59.1829   198.8565      5.116     423
    425      1.0         2.94017359999998         2.94017359999998      206.43    -2.65    0.05   329.6904    56.9891   205.4825     7.7264     424
    426      1.0       2.9571874500034028       2.9571874500034028      213.52    -2.65    0.06   340.6656    53.6273   212.2032    10.1956     425
    427      1.0        2.937963000003947        2.937963000003947      220.61    -2.65    0.08   349.8003    49.3891   219.0388    12.4871     426
    428      1.0        2.959467599997879        2.959467599997879       227.7    -2.65    0.13   357.3512     44.522   226.0035    14.5648     427
    429      1.0        2.951151649998792        2.951151649998792      234.79    -2.65    0.16     3.6512    39.2104   233.1039    16.3936     428
    430      1.0       2.8945832999961567       2.8945832999961567      241.88    -2.65    0.17     9.0023    33.5844   240.3383    17.9405     429
    431      1.0       2.9351968000009947       2.9351968000009947      248.97    -2.65    0.28    13.6478    27.7344   247.6954    19.1757     430
    432      1.0         2.95970484999998         2.95970484999998      256.06    -2.65    0.25    17.7762    21.7243   255.1546    20.0738     431
    433      1.0       2.9473726999967766       2.9473726999967766      263.15    -2.65    0.26    21.5335    15.6001   262.6867    20.6156     432
    434      1.0        2.917361100000562        2.917361100000562      270.24    -2.65    0.89    25.0352     9.3964   270.2564    20.7891     433
    435     0.75       0.9410531999965315       0.9410531999965315      277.33    -2.65     1.7    28.3772     3.1405   277.8248    20.5904     434
    436     0.75       0.9374363499991887       0.9374363499991887   284.38942    -2.65    0.66    31.6292    -3.1176   285.3208    20.0272     435
    437      1.0       2.9167477000009967       2.9167477000009967   291.41827    -2.65    0.34    34.8701     -9.357   292.7104    19.1166     436
    438      1.0       2.9211341999980505       2.9211341999980505   298.44712    -2.65    0.25    38.1931   -15.5847   299.9983    17.8758     437
    439      1.0       2.9333912000001874       2.9333912000001874   305.47596    -2.65    0.07    41.6861   -21.7785   307.1649    16.3299     438
    440      1.0       2.9146469500010426       2.9146469500010426   312.50481    -2.65    0.06    45.4545   -27.9124   314.1996    14.5081     439
    441      1.0         2.93327539999882         2.93327539999882   319.53365    -2.65    0.07    49.6322   -33.9526   321.1009    12.4427     440
    442      1.0        2.919525400000566        2.919525400000566    326.5625    -2.65    0.04    54.3982   -39.8527   327.8756    10.1678     441
    443      1.0       2.9353066999974544       2.9353066999974544   333.59135    -2.65    0.08    59.9985   -45.5461   334.5376     7.7188     442
    444      1.0        2.934363399996073        2.934363399996073   340.62019    -2.65    0.04    66.7753   -50.9324   341.1065      5.131     443
    445      1.0         2.92686340000364         2.92686340000364   347.64904    -2.65    0.05    75.1895   -55.8572   347.6065       2.44     444
    446      0.5       1.9684317499995814       1.9684317499995814   354.67788    -2.65    0.03    85.7922   -60.0843   354.0648    -0.3187     445
    447      0.5        2.423316000000341        2.423316000000341     5.23912     4.55    0.02   109.9695   -57.3406      6.612     2.0961     446
    448      1.0       2.9298610999976518       2.9298610999976518       12.25     4.55    0.02      123.0     -58.05    13.0397    -0.6503     447
    449      1.0        2.907332150000002        2.907332150000002    19.26088     4.55    0.02   136.0305   -57.3406    19.5004    -3.3261     448
    450      1.0       2.8906076499988558       2.8906076499988558    26.27176     4.55    0.03    148.104   -55.2996     26.021    -5.8964     449
    451      1.0        2.890850700001465        2.890850700001465    33.28264     4.55    0.05   158.6604   -52.1432     32.625    -8.3267     450
    452      1.0       2.9356829000025755       2.9356829000025755    40.29352     4.55    0.04   167.5959   -48.1248    39.3314   -10.5824     451
    453     0.75       0.9914641000032134       0.9914641000032134     47.3044     4.55    0.14   175.0843     -43.47    46.1536   -12.6297     452
    454     0.75       0.9619908000022406       0.9619908000022406    54.31528     4.55    0.13   181.3923   -38.3537    53.0984   -14.4354     453
    455     0.75        0.961070599998493        0.961070599998493    61.32616     4.55    0.24   186.7807   -32.9037    60.1647   -15.9688     454
    456     0.75       0.9696411499971873       0.9696411499971873    68.33704     4.55    0.22   191.4694   -27.2113     67.343   -17.2016     455
    457     0.75       0.9781017999994219       0.9781017999994219    75.34792     4.55    0.07   195.6345    -21.342    74.6156   -18.1102     456
    458      1.0        2.880983800001559        2.880983800001559     82.3588     4.55    0.11   199.4152   -15.3436    81.9569   -18.6762     457
    459     0.75       0.9805555999992066       0.9805555999992066    89.36968     4.55    0.51   202.9232     -9.252    89.3359   -18.8878     458
    460     0.75       0.9186921000000439       0.9186921000000439    96.38056     4.55    0.67   206.2514    -3.0953    96.7181   -18.7406     459
    461     0.75       0.9435995499989076       0.9435995499989076   103.30689     4.55    0.61   209.4423     3.0284   103.9803   -18.2458     460
    462     0.75       0.9938889000040945       0.9938889000040945   110.14867     4.55     0.2   212.5713     9.0982   111.0934    -17.426     461
    463      0.5        1.987731499997608        1.987731499997608   116.99044     4.55    0.05   215.7493    15.1705   118.1214   -16.2932     462
    464      0.5       2.0658333000028506       2.0658333000028506   123.83222     4.55    0.03   219.0543    21.2261    125.046   -14.8683     463
    465      1.0       2.9411573999968823       2.9411573999968823     130.674     4.55    0.03   222.5779    27.2432   131.8566   -13.1766     464
    466      0.5       1.8981249499993282       1.8981249499993282   137.51578     4.55    0.04   226.4358     33.195   138.5498   -11.2461     465
    467      1.0        2.959895799998776        2.959895799998776   144.35756     4.55    0.04    230.781    39.0452   145.1299    -9.1071     466
    468      1.0       2.9381944499982637       2.9381944499982637   151.19933     4.55    0.02   235.8249    44.7427   151.6076     -6.791     467
    469      0.5        2.003553299997293        2.003553299997293   158.04111     4.55    0.04   241.8666    50.2114   157.9987    -4.3296     468
    470      1.0        2.956099550003273        2.956099550003273   164.88289     4.55    0.05   249.3296    55.3331   164.3238    -1.7551     469
    471      1.0         2.95443289999821         2.95443289999821   171.72467     4.55    0.04   258.7826    59.9217   170.6066     0.9002     470
    472      1.0       2.9828472000008333       2.9828472000008333   178.56644     4.55    0.02   270.8574    63.6895   176.8733     3.6042     471
    473      1.0       2.9960821499989834       2.9960821499989834   185.30822     4.71    0.02   285.5153    66.3652   182.9956     6.4313     472
    474      1.0        2.960127250000369        2.960127250000369      192.25     4.55    0.04      303.0      67.15   189.4704      9.028     473
    475      1.0       2.9772222500032512       2.9772222500032512   199.09178     4.55    0.03   320.1401    66.2373   195.8578     11.682     474
    476      1.0        2.947256949999428        2.947256949999428   205.93356     4.55    0.02   335.1426    63.6895   202.3412    14.2524     475
    477      1.0         2.93943290000243         2.93943290000243   212.77533     4.55    0.03   347.2174    59.9217   208.9456    16.7047     476
    478      1.0        2.935555549996934        2.935555549996934   219.61711     4.55    0.03   356.6704    55.3331   215.6925    19.0036     477
    479      1.0        2.938686350000353        2.938686350000353   226.45889     4.55    0.04     4.1334    50.2114    222.598    21.1134     478
    480     0.25      0.04158570000436157      0.04158570000436157   233.30067     4.55    0.06    10.1751    44.7427   229.6712    22.9986     479
    481      1.0       2.9242014000046765       2.9242014000046765   240.14244     4.55    0.07     15.219    39.0452   236.9121    24.6248     480
    482      1.0        2.937065949998214        2.937065949998214   246.98422     4.55    0.07    19.5642     33.195   244.3107    25.9599     481
    483      1.0       2.9246296499986784       2.9246296499986784     253.826     4.55    0.11    23.4221    27.2432   251.8457    26.9757     482
    484      1.0        2.949380799997016        2.949380799997016   260.66778     4.55    0.13    26.9457    21.2261   259.4854    27.6493     483
    485      1.0       2.9077141499983554       2.9077141499983554   267.50956     4.55    0.16    30.2507    15.1705    267.189     27.965     484
    486      1.0        2.926116849997925        2.926116849997925   274.35133     4.55     0.2    33.4287     9.0982   274.9101    27.9152     485
    487     0.75       0.9398727000007057       0.9398727000007057   281.19311     4.55    0.77    36.5577     3.0284   282.6007     27.501     486
    488     0.75       0.9358565000002272       0.9358565000002272   288.11944     4.55    2.19    39.7486    -3.0953   290.3091    26.7208     487
    489      1.0       2.9336574000008113       2.9336574000008113   295.13032     4.55    0.24    43.0768     -9.252   297.9917    25.5801     488
    490      1.0       2.8463310500010266       2.8463310500010266    302.1412     4.55    0.14    46.5848   -15.3436    305.523    24.1128     489
    491      1.0        2.914131900000939        2.914131900000939   309.15208     4.55    0.09    50.3655    -21.342    312.884    22.3508     490
    492      1.0        2.914004650003335        2.914004650003335   316.16296     4.55    0.07    54.5306   -27.2113   320.0677    20.3295     491
    493      1.0        2.932037049999053        2.932037049999053   323.17384     4.55    0.05    59.2193   -32.9037   327.0781    18.0866     492
    494      1.0         2.91652780000004         2.91652780000004   330.18472     4.55    0.07    64.6077   -38.3537   333.9281    15.6605     493
    495      1.0       2.9315219499985687       2.9315219499985687    337.1956     4.55     0.1    70.9157     -43.47   340.6376    13.0893     494
    496      1.0        2.911909700000251        2.911909700000251   344.20648     4.55    0.07    78.4041   -48.1248   347.2317    10.4108     495
    497      1.0        2.936770799999067        2.936770799999067   351.21736     4.55     0.1    87.3396   -52.1432   353.7386     7.6619     496
    498      1.0        2.903738400003931        2.903738400003931   358.22824     4.55    0.08     97.896   -55.2996     0.1885     4.8785     497
    499      0.5       1.9462962999969022       1.9462962999969022     1.77362    11.75    0.09   107.0733    -49.553     6.3445    10.0661     498
    500      1.0         2.88791659999697         2.88791659999697     8.75787    11.75    0.08    117.597   -50.7038    12.6835     7.3276     499
    501      1.0       2.9103357000058168       2.9103357000058168    15.74212    11.75    0.04    128.403   -50.7038    19.0131     4.6563     500
    502     0.75       1.4608449500010465       1.4608449500010465    22.72637    11.75    0.07   138.9267    -49.553    25.3605     2.0851     501
    503      0.5       1.8200926000063191       1.8200926000063191    29.71062    11.75    0.08   148.6927   -47.3449    31.7496    -0.3539     502
    504      1.0       2.9258448999971733       2.9258448999971733    36.69487    11.75     0.1   157.4333   -44.2331    38.2002    -2.6293     503
    505     0.75       0.9907523000001675       0.9907523000001675    43.67912    11.75    0.22   165.0874   -40.3887    44.7273    -4.7103     504
    506     0.75       0.9560416000022087       0.9560416000022087    50.66337    11.75     0.4   171.7311   -35.9694    51.3404    -6.5673     505
    507     0.75       0.9530670999956783       0.9530670999956783    57.64762    11.75    0.16   177.5028   -31.1064    58.0427    -8.1724     506
    508     0.75       0.9236459000021568       0.9236459000021568    64.63187    11.75    0.33   182.5543   -25.9029    64.8311    -9.5002     507
    509     0.75       0.9683216999983415       0.9683216999983415    71.61613    11.75    0.27   187.0271   -20.4378    71.6959   -10.5288     508
    510     0.75       0.9720601999979408       0.9720601999979408    78.60038    11.75    0.46   191.0443   -14.7713    78.6213   -11.2401     509
    511     0.75       0.9939409500002512       0.9939409500002512    85.58463    11.75    0.28   194.7099    -8.9492    85.5867   -11.6217     510
    512     0.75       0.9383854000006977       0.9383854000006977    92.56888    11.75    0.55   198.1128    -3.0068    92.5681   -11.6664     511
    513     0.75       0.9455556000029901       0.9455556000029901    99.62356    11.75    0.44   201.3615     3.0889    99.6103   -11.3688     512
    514     0.75        0.972077549999085        0.972077549999085   106.74867    11.75    0.08   204.5237     9.3168   106.6875   -10.7243     513
    515      0.5       1.9871411999993143       1.9871411999993143   114.02378    11.75    0.03    207.703    15.7284   113.8531    -9.7221     514
    516     0.75       0.9776157000014791       0.9776157000014791   121.29889    11.75    0.04   210.9116     22.173   120.9387     -8.391     515
    517      0.5       1.8656944000031217       1.8656944000031217     128.574    11.75    0.03   214.2405    28.6309   127.9321    -6.7553     516
    518     0.75        1.461336800002755        1.461336800002755   135.84911    11.75    0.04   217.8038      35.08   134.8287    -4.8431     517
    519     0.75       1.0745543999983056       1.0745543999983056   143.12422    11.75    0.03   221.7579     41.493   141.6317    -2.6858     518
    520      1.0        2.938969900002121        2.938969900002121   150.39933    11.75    0.03   226.3336     47.832   148.3514    -0.3167     519
    521      1.0        2.940243000004557        2.940243000004557   157.67444    11.75    0.04   231.8961    54.0379   155.0047     2.2294     520
    522      1.0       2.9289930499980983       2.9289930499980983   164.94956    11.75    0.02   239.0577    60.0096   161.6142     4.9169     521
    523      1.0        2.945954899998469        2.945954899998469   172.22467    11.75    0.04   248.8812    65.5574    168.207     7.7095     522
    524      1.0       2.9348669000028167       2.9348669000028167   179.49978    11.75    0.02   263.1246     70.304   174.8145    10.5701     523
    525      1.0       2.9508911999982956       2.9508911999982956   186.77489    11.57    0.03   283.9516    73.3569   181.5459    13.2963     524
    526      1.0       2.9317592499974126       2.9317592499974126       193.9    11.75    0.02     308.97    74.2736   188.0719    16.2836     525
    527      1.0       2.9600578999961726       2.9600578999961726   201.02511    11.75    0.02   332.4541    72.3173   194.7893    19.0601     526
    528      1.0       2.9207985999964876       2.9207985999964876   208.15022    11.75    0.03   349.7269    68.3837   201.6573    21.7508     527
    529      1.0       2.9386226999995415       2.9386226999995415   215.12533    11.75    0.03     1.3793    63.4528   208.5579     24.262     528
    530      1.0       2.9254512999978033       2.9254512999978033   222.10044    11.75    0.03     9.6885    57.9524   215.6598    26.6111     529
    531      1.0        2.937974499996926        2.937974499996926   229.07556    11.75    0.04    15.9599    52.1377   222.9828    28.7566     530
    532      1.0       2.9513020500016864       2.9513020500016864   236.05067    11.75    0.04    20.9713     46.143   230.5364    30.6566     531
    533      1.0               2.93359375               2.93359375   243.02578    11.75    0.05    25.1835    40.0434   238.3177    32.2702     532
    534      1.0       2.9397801000013715       2.9397801000013715   250.00089    11.75    0.06    28.8815     33.885   246.3083     33.559     533
    535      1.0       2.9243982000007236       2.9243982000007236     256.976    11.75    0.08    32.2514    27.6988   254.4732    34.4899     534
    536      1.0       2.9156308000019635       2.9156308000019635   263.95111    11.75    0.14     35.423    21.5077   262.7613    35.0374     535
    537      1.0        2.914849499997217        2.914849499997217   270.92622    11.75    0.12    38.4936    15.3306   271.1096    35.1857     536
    538      1.0        2.897615699999733        2.897615699999733   277.90133    11.75    0.18    41.5422     9.1851   279.4485    34.9305     537
    539     0.75       0.9136226999980863       0.9136226999980863   284.87644    11.75    0.77    44.6385     3.0889   287.7096    34.2792     538
    540     0.75       0.9202140999987023       0.9202140999987023   291.93112    11.75    0.98    47.8872    -3.0068   295.9242    33.2366     539
    541      1.0       2.8731943999955547       2.8731943999955547   298.91537    11.75    0.19    51.2901    -8.9492   303.8699    31.8522     540
    542      1.0       2.9033217999967746       2.9033217999967746   305.89962    11.75    0.14    54.9557   -14.7713    311.599    30.1525     541
    543      1.0          2.9099883999952          2.9099883999952   312.88387    11.75     0.1    58.9729   -20.4378   319.0975    28.1769     542
    544      1.0       2.9196412000019336       2.9196412000019336   319.86812    11.75    0.06    63.4457   -25.9029   326.3662    25.9669     543
    545      1.0       2.8981944500010286       2.8981944500010286   326.85237    11.75    0.07    68.4972   -31.1064   333.4181    23.5647     544
    546      1.0       2.9320023999971454       2.9320023999971454   333.83662    11.75    0.07    74.2689   -35.9694   340.2749    21.0115     545
    547      0.5       1.9409722999989754       1.9409722999989754   340.82087    11.75    0.06    80.9126   -40.3887   346.9642    18.3474     546
    548     0.75       1.0145139000014751       1.0145139000014751   347.80512    11.75    0.05    88.5667   -44.2331   353.5171    15.6109     547
    549     0.75       1.0667823999974644       1.0667823999974644   354.78937    11.75    0.05    97.3073   -47.3449   359.9663    12.8386     548
    550     0.75       0.9733332999967388       0.9733332999967388     1.37527    18.95    0.05   109.0015   -42.4675     9.0145    16.7931     549
    551      1.0       2.8959375000049477       2.8959375000049477     8.62509    18.95    0.06     118.27   -43.5171    15.4991    13.9766     550
    552     0.75       0.9897743499968783       0.9897743499968783    15.87491    18.95    0.05     127.73   -43.5171     21.945    11.2468     551
    553      0.5       2.0237095000011323       2.0237095000011323    23.12473    18.95    0.06   136.9985   -42.4675    28.3831      8.638     552
    554      0.5        1.881151649999083        1.881151649999083    30.37455    18.95    0.06   145.7404   -40.4352    34.8396     6.1834     553
    555      1.0       2.8879166999977315       2.8879166999977315    37.62436    18.95    0.11   153.7381   -37.5348    41.3354     3.9147     554
    556     0.75         0.96747690000484         0.96747690000484    44.87418    18.95    0.14   160.9046   -33.9016    47.8863     1.8627     555
    557     0.75       0.9709086000038951       0.9709086000038951      52.124    18.95    0.12    167.254   -29.6687    54.5016     0.0562     556
    558     0.75       0.9420891500012658       0.9420891500012658    59.37382    18.95    0.31   172.8605   -24.9544    61.1849     -1.478     557
    559     0.75       0.9316666500017163       0.9316666500017163    66.62364    18.95    0.37   177.8232   -19.8571    67.9332    -2.7164     558
    560     0.75        0.976932850000594        0.976932850000594    73.87345    18.95    0.36   182.2453   -14.4557    74.7378    -3.6389     559
    561     0.75       0.9812615999981062       0.9812615999981062    81.12327    18.95    0.35   186.2235    -8.8128    81.5848    -4.2304     560
    562     0.75       0.9250173500040546       0.9250173500040546    88.37309    18.95    0.55   189.8442    -2.9775    88.4566    -4.4806     561
    563     0.75       0.9469328499981202       0.9469328499981202    95.57843    18.95    0.54   193.1636     2.9745    95.2908    -4.3869     562
    564     0.75       0.9646412000001874       0.9646412000001874   102.73929    18.95    0.08   196.2527     9.0106   102.0674    -3.9572     563
    565     0.75       0.9612441999997827       0.9612441999997827   109.79245    18.95    0.07   199.1494    15.0502   108.7093     -3.213     564
    566     0.75       1.0383506499965733       1.0383506499965733   116.84562    18.95    0.06   201.9568    21.1645   115.3038    -2.1621     565
    567     0.75        1.089305500005139        1.089305500005139   123.89878    18.95    0.04   204.7324    27.3371   121.8403    -0.8208     566
    568     0.75       1.0960995999994338       1.0960995999994338   130.95195    18.95    0.02   207.5413    33.5534   128.3134     0.7909     567
    569      0.5       1.8735996000032173       1.8735996000032173   138.00511    18.95    0.03    210.465    39.7993   134.7228     2.6498     568
    570      0.5        1.846689799996966        1.846689799996966   145.05827    18.95    0.02   213.6165    46.0595   141.0739     4.7305     569
    571      0.5       2.4595370499955607       2.4595370499955607   152.11144    18.95    0.03   217.1686    52.3152   147.3779     7.0057     570
    572      0.5       2.4414698999971733       2.4414698999971733    159.1646    18.95    0.03   221.4143    58.5388   153.6507     9.4467     571
    573      0.5        2.460462999999436        2.460462999999436   166.21777    18.95    0.02   226.9083    64.6829   159.9136    12.0238     572
    574      1.0       2.9177777500008233       2.9177777500008233   173.27093    18.95    0.02   234.8409    70.6473   166.1918    14.7062     573
    575      1.0        2.915231400002085        2.915231400002085    180.3241    18.95    0.04   248.1371    76.1726   172.5148     17.462     574
    576      1.0       2.9408970000004047       2.9408970000004047   187.38957    18.95    0.02   274.1357    80.4444   178.9269    20.2632     575
    577      1.0       2.9194329000019934       2.9194329000019934   194.55043    18.95    0.02   317.5189    81.2901   185.5424    23.1079     576
    578      1.0       2.9513311000046087       2.9513311000046087   201.71129    18.95    0.02   350.7895    77.8833   192.3152    25.9203     577
    579      1.0        2.935341399996105        2.935341399996105   208.96753    18.95    0.03     7.7093    72.4881   199.3809    28.6954     578
    580      1.0       2.9359954000028665       2.9359954000028665   216.23608    18.95    0.02    17.1225    66.4385   206.7049    31.3546     579
    581      1.0       2.9565335499974026       2.9565335499974026   223.50463    18.95    0.04    23.3117     60.144   214.3135    33.8444     580
    582      1.0       2.9393344500022067       2.9393344500022067   230.77318    18.95    0.05    27.9346    53.7447   222.2363    36.1132     581
    583     0.25      0.06443290000242996      0.06443290000242996   238.04173    18.95    0.05    31.7173    47.3023   230.4891    38.1078     582
    584      1.0        2.915867999996408        2.915867999996408   245.31027    18.95    0.05    35.0253    40.8502   239.0673    39.7748     583
    585      1.0        2.916487300000881        2.916487300000881   252.57882    18.95    0.08    38.0659    34.4103   247.9406    41.0644     584
    586      1.0       2.9184895500002312       2.9184895500002312   259.84737    18.95    0.06    40.9703    27.9997   257.0496    41.9339     585
    587      1.0        2.914016200003971        2.914016200003971   267.11592    18.95    0.09    43.8309    21.6339   266.3079    42.3523     586
    588      1.0       2.9062383999989834       2.9062383999989834   274.38447    18.95    0.17    46.7205    15.3288   275.6105    42.3039     587
    589      1.0        2.838946700001543        2.838946700001543   281.65302    18.95    0.32    49.7021     9.1022   284.8462    41.7906     588
    590     0.75       0.9032406999976956       0.9032406999976956   288.92157    18.95    2.15    52.8364     2.9745   293.9127    40.8314     589
    591     0.75        0.917835650001507        0.917835650001507   296.12691    18.95    0.34    56.1558    -2.9775   302.6536    39.4736     590
    592      1.0        2.878107649998128        2.878107649998128   303.37673    18.95    0.12    59.7765    -8.8128   311.1475    37.7426     591
    593      1.0          2.8971759499982          2.8971759499982   310.62655    18.95     0.1    63.7547   -14.4557   319.3148     35.696     592
    594      1.0       2.9067592499959574       2.9067592499959574   317.87636    18.95    0.09    68.1768   -19.8571   327.1555    33.3868     593
    595      1.0       2.9111573999980465       2.9111573999980465   325.12618    18.95    0.12    73.1395   -24.9544   334.6883    30.8676     594
    596      1.0       2.9070891000010306       2.9070891000010306     332.376    18.95    0.04     78.746   -29.6687   341.9446    28.1893     595
    597      1.0       2.9244849499991687       2.9244849499991687   339.62582    18.95    0.06    85.0954   -33.9016   348.9633    25.3994     596
    598      1.0        2.869548599999689        2.869548599999689   346.87564    18.95    0.11    92.2619   -37.5348   355.7863    22.5427     597
    599      1.0       2.9086920999980066       2.9086920999980066   354.12545    18.95    0.09   100.2596   -40.4352     2.4564    19.6609     598
    600     0.75        1.000190949998796        1.000190949998796      0.9616    26.15    0.05   110.5578   -35.3594    11.8997    23.4759     599
    601     0.75       0.9821180999970238       0.9821180999970238      8.4872    26.15    0.04   118.8068   -36.3277    18.4884    20.5887     600
    602     0.75       1.0051620000012917       1.0051620000012917     16.0128    26.15    0.05   127.1932   -36.3277    25.0085    17.8098     601
    603     0.75       0.9817129000002751       0.9817129000002751     23.5384    26.15    0.11   135.4422   -35.3594    31.4953    15.1744     602
    604     0.75       1.4923785000028147       1.4923785000028147      31.064    26.15    0.08   143.3067   -33.4728    37.9781    12.7157     603
    605     0.75        0.966122700003325        0.966122700003325     38.5896    26.15     0.2   150.6106    -30.756    44.4798    10.4654     604
    606     0.75       0.9630729499986046       0.9630729499986046     46.1152    26.15    0.15   157.2628   -27.3175    51.0169     8.4536     605
    607      1.0       2.9304166000001715       2.9304166000001715     53.6408    26.15    0.17   163.2458   -23.2696    57.5997     6.7079     606
    608     0.75       0.9365161999958218       0.9365161999958218     61.1664    26.15    0.48   168.5925   -18.7172    64.2319     5.2534     607
    609     0.75       0.9788888000039151       0.9788888000039151      68.692    26.15    1.05   173.3633   -13.7516    70.9115     4.1117     608
    610     0.75       0.9919792000000598       0.9919792000000598     76.2176    26.15    0.36   177.6294    -8.4497    77.6311     3.3006     609
    611     0.75       0.9388252500029921       0.9388252500029921     83.7432    26.15    0.72   181.4621    -2.8742    84.3789     2.8327     610
    612     0.75       0.9403124499986006       0.9403124499986006    91.24686    26.15    0.47   184.9183     2.9069    91.1205     2.7156     611
    613     0.75       1.0202141500012658       1.0202141500012658    98.72857    26.15    0.13   188.0596     8.8513    97.8397     2.9479     612
    614     0.75       0.9631250000020373       0.9631250000020373   106.21029    26.15    0.08   190.9481    14.9432   104.5405     3.5253     613
    615     0.75       0.9439352000044892       0.9439352000044892     113.692    26.15    0.04   193.6287    21.1564   111.2093     4.4384     614
    616     0.75       0.8976331500016386       0.8976331500016386   121.17371    26.15    0.05   196.1417    27.4695   117.8357     5.6731     615
    617     0.75       0.9930439999952796       0.9930439999952796   128.65543    26.15    0.03   198.5239    33.8649   124.4141     7.2108     616
    618     0.75       1.0938309999983176       1.0938309999983176   136.13714    26.15    0.04   200.8114     40.328    130.944      9.029     617
    619     0.75       1.0398206499994558       1.0398206499994558   143.61886    26.15    0.02   203.0429    46.8464   137.4312    11.1024     618
    620      1.0       2.9395139000007475       2.9395139000007475   151.10057    26.15    0.04   205.2658    53.4093   143.8876    13.4029     619
    621      1.0       2.9578240499977255       2.9578240499977255   158.58229    26.15    0.03   207.5504    60.0072   150.3311    15.9006     620
    622      1.0       2.9338889000064228       2.9338889000064228     166.064    26.15    0.01   210.0255    66.6309   156.7861    18.5638     621
    623      1.0       2.9422801000036998       2.9422801000036998   173.54571    26.15    0.03   212.9996    73.2701    163.283    21.3594     622
    624      1.0       2.9353240999989794       2.9353240999989794   181.02743    26.15    0.03   217.5543    79.9066   169.8584    24.2524     623
    625      1.0       2.9360706000043137       2.9360706000043137   188.50914    26.15    0.02   232.6698    86.4342   176.5547    27.2058     624
    626      1.0       2.9256482000055257       2.9256482000055257   195.99086    26.15    0.02    13.3302    86.4342   183.4202    30.1801     625
    627      1.0        2.925746499997331        2.925746499997331   203.47257    26.15    0.01    28.4457    79.9066   190.5085    33.1325     626
    628      1.0        2.938223350000044        2.938223350000044   210.95429    26.15    0.02    33.0004    73.2701   197.8771     36.016     627
    629      1.0        2.936921300002723        2.936921300002723     218.436    26.15    0.03    35.9745    66.6309    205.585    38.7791     628
    630      1.0       2.9143402999980026       2.9143402999980026   225.91771    26.15    0.04    38.4496    60.0072   213.6885    41.3645     629
    631      1.0         2.93130205000125         2.93130205000125   233.39943    26.15    0.05    40.7342    53.4093   222.2334      43.71     630
    632      1.0       2.9168981999973767       2.9168981999973767   240.88114    26.15    0.07    42.9571    46.8464   231.2456    45.7489     631
    633      1.0        2.913576400002057        2.913576400002057   248.36286    26.15    0.06    45.1886     40.328   240.7175    47.4136     632
    634      1.0       2.8937962999989395       2.8937962999989395   255.84457    26.15    0.05    47.4761    33.8649   250.5968    48.6402     633
    635      1.0       2.8763077999974485       2.8763077999974485   263.32629    26.15    0.06    49.8583    27.4695   260.7802    49.3759     634
    636      1.0       2.8756133999995654       2.8756133999995654     270.808    26.15    0.13    52.3713    21.1564   271.1188    49.5862     635
    637      1.0         2.82935765000002         2.82935765000002   278.28971    26.15    0.12    55.0519    14.9432   281.4382    49.2607     636
    638      1.0       2.8315972999989754       2.8315972999989754   285.77143    26.15    0.29    57.9404     8.8513   291.5671    48.4153     637
    639     0.75       0.8934664499938663       0.8934664499938663   293.25314    26.15    2.26    61.0817     2.9069   301.3654    47.0891     638
    640     0.75       0.9079746000061277       0.9079746000061277    300.7568    26.15    0.68    64.5379    -2.8742   310.7676    45.3322     639
    641      1.0       2.9019387000007555       2.9019387000007555    308.2824    26.15    0.14    68.3706    -8.4497   319.7276    43.2071     640
    642      1.0        2.846377299996675        2.846377299996675     315.808    26.15    0.11    72.6367   -13.7516   328.2184    40.7871     641
    643      1.0       2.9045485999959055       2.9045485999959055    323.3336    26.15    0.07    77.4075   -18.7172   336.2718    38.1394     642
    644      1.0       2.9072859500010964       2.9072859500010964    330.8592    26.15    0.08    82.7542   -23.2696   343.9379    35.3261     643
    645      1.0       2.9308564999992086       2.9308564999992086    338.3848    26.15    0.06    88.7372   -27.3175   351.2751    32.4041     644
    646      1.0       2.9328239999958896       2.9328239999958896    345.9104    26.15    0.08    95.3894    -30.756   358.3434    29.4246     645
    647      0.5        1.975289399997564        1.975289399997564     353.436    26.15    0.06   102.6933   -33.4728     5.2005    26.4343     646
    648      1.0       2.9084606999967946       2.9084606999967946     0.57433    33.35    0.07   111.9364   -28.2472    15.1629      30.07     647
    649      1.0       2.8297684999997728       2.8297684999997728     8.35811    33.35    0.08   119.2782   -29.1378    21.7715     27.135     648
    650     0.75       1.0144155000016326       1.0144155000016326    16.14189    33.35    0.04   126.7218   -29.1378    28.2837    24.3311     649
    651      1.0       2.9005093000014313       2.9005093000014313    23.92567    33.35    0.05   134.0636   -28.2472    34.7398     21.693     650
    652      1.0        2.835451400002057        2.835451400002057    31.70944    33.35    0.08   141.1172   -26.5039    41.1723     19.253     651
    653      1.0       2.7989120000020193       2.7989120000020193    39.49322    33.35    0.06   147.7397    -23.976    47.6059    17.0416     652
    654     0.75       0.9799074000038672       0.9799074000038672      47.277    33.35    0.16   153.8442   -20.7506    54.0582     15.087     653
    655     0.75       0.9286805500014452       0.9286805500014452    55.06078    33.35    0.24   159.3958   -16.9212    60.5399     13.415     654
    656     0.75       0.9554802999955427       0.9554802999955427    62.84456    33.35    0.15   164.3998    -12.579    67.0557    12.0485     655
    657     0.75       0.9860300000000279       0.9860300000000279    70.62833    33.35    0.58   168.8864    -7.8072    73.6045    11.0067     656
    658     0.75       0.9284027999965474       0.9284027999965474    78.41211    33.35    0.54   172.8984    -2.6783    80.1806    10.3049     657
    659     0.75        0.937962999996671        0.937962999996671    86.23064    33.35    0.74   176.4975     2.7706    86.8039     9.9525     658
    660     0.75       0.9892592999967746       0.9892592999967746    94.08393    33.35    0.33   179.7224      8.491    93.4628     9.9598     659
    661     0.75       1.0545485999973607       1.0545485999973607   101.93721    33.35    0.14   182.5949    14.4152    100.115    10.3289     660
    662     0.75        1.051747700003034        1.051747700003034    109.7905    33.35    0.05   185.1447    20.5066   106.7486    11.0543     661
    663      0.5         1.99486109999998         1.99486109999998   117.64379    33.35    0.06   187.3902    26.7346   113.3541    12.1248     662
    664      0.5       1.9925116000013077       1.9925116000013077   125.49707    33.35    0.05   189.3352    33.0732   119.9258    13.5249     663
    665      0.5       1.9269559999956982       1.9269559999956982   133.35036    33.35    0.03   190.9637    39.4994   126.4629    15.2344     664
    666      1.0       2.8607408000025316       2.8607408000025316   141.20364    33.35    0.02   192.2278    45.9921   132.9706    17.2295     665
    667      1.0       2.9060648000013316       2.9060648000013316   149.05693    33.35    0.01   193.0249    52.5301   139.4607    19.4836     666
    668      1.0        2.957418999998481        2.957418999998481   156.91021    33.35    0.01   193.1432    59.0882   145.9519    21.9674     667
    669      1.0       2.9556712499979767       2.9556712499979767    164.7635    33.35    0.02   192.1219    65.6298   152.4702    24.6494     668
    670      1.0        2.948119199998473        2.948119199998473   172.61679    33.35    0.02   188.8217    72.0819     159.05    27.4961     669
    671      1.0       2.9378183000007994       2.9378183000007994   180.47007    33.35    0.02   179.7619    78.2354   165.7338    30.4718     670
    672      1.0       2.9337847999995574       2.9337847999995574   188.32336    33.35    0.01   151.6815    83.1548   172.5736    33.5378     671
    673      1.0       2.9468519000001834       2.9468519000001834   196.17664    33.35    0.02    94.3185    83.1548   179.6314    36.6524     672
    674      1.0        2.935833299998194        2.935833299998194   204.02993    33.35    0.01    66.2381    78.2354   186.9802     39.769     673
    675      1.0       2.9132523500011303       2.9132523500011303   211.88321    33.35    0.01    57.1783    72.0819   194.7033    42.8352     674
    676      1.0       2.9358449000028486       2.9358449000028486    219.7365    33.35    0.02    53.8781    65.6298   202.8927    45.7906     675
    677      1.0       2.9168981999973767       2.9168981999973767   227.58979    33.35    0.02    52.8568    59.0882   211.6435    48.5659     676
    678      1.0        2.930046350000339        2.930046350000339   235.44307    33.35    0.02    52.9751    52.5301   221.0423    51.0811     677
    679     0.25   0.00046300000394694507   0.00046300000394694507   243.29636    33.35    0.02    53.7722    45.9921   231.1462     53.247     678
    680      1.0       2.9094502499974624       2.9094502499974624   251.14964    33.35    0.03    55.0363    39.4994   241.9541    54.9689     679
    681      1.0       2.8842014000038034       2.8842014000038034   259.00293    33.35    0.05    56.6648    33.0732   253.3744    56.1563     680
    682      1.0       2.8884953499982657       2.8884953499982657   266.85621    33.35    0.04    58.6098    26.7346   265.2089     56.737     681
    683      1.0       2.9017592499985767       2.9017592499985767    274.7095    33.35     0.1    60.8553    20.5066   277.1708    56.6721     682
    684      1.0        2.888292800002091        2.888292800002091   282.56279    33.35     0.1    63.4051    14.4152   288.9433    55.9661     683
    685      1.0        2.833518550000008        2.833518550000008   290.41607    33.35    0.17    66.2776      8.491    300.254    54.6655     684
    686     0.75       0.8991667000009329       0.8991667000009329   298.26936    33.35    2.12    69.5025     2.7706   310.9255    52.8476     685
    687     0.75       0.9247337999986485       0.9247337999986485   306.08789    33.35    0.57    73.1016    -2.6783   320.8441    50.6153     686
    688      1.0       2.9045833499985747       2.9045833499985747   313.87167    33.35    0.17    77.1136    -7.8072   330.0317    48.0666     687
    689      1.0        2.906562500000291        2.906562500000291   321.65544    33.35    0.14    81.6002    -12.579   338.5971    45.2778     688
    690      1.0        2.883715199997823        2.883715199997823   329.43922    33.35    0.12    86.6042   -16.9212   346.6273    42.3248     689
    691      1.0        2.906284799995774        2.906284799995774     337.223    33.35    0.09    92.1558   -20.7506    354.215    39.2737     690
    692      1.0       2.9021295999991708       2.9021295999991708   345.00678    33.35    0.07    98.2603    -23.976     1.4488    36.1817     691
    693      1.0       2.8460879499980365       2.8460879499980365   352.79056    33.35    0.08   104.8828   -26.5039     8.4083     33.099     692
    694      1.0        2.849808999999368        2.849808999999368      3.4686    40.55    0.09   115.8349    -21.562    21.6318    35.3226     693
    695      1.0        2.897442100002081        2.897442100002081        11.9     40.4    0.06   122.7121   -22.1992    28.3386    32.1525     694
    696     0.75       0.9919039999986126       0.9919039999986126    20.38973    40.55    0.06   129.6459   -21.6305    35.1496     29.417     695
    697     0.75       1.0034837999992305       1.0034837999992305    28.87947    40.55    0.05   136.4076   -20.3162    41.8196    26.7751     696
    698      1.0       2.8962499999979627       2.8962499999979627    37.42753    40.55    0.04   142.8865   -18.1391     48.511    24.3791     697
    699     0.75       0.9647106000047643       0.9647106000047643     45.9756    40.55    0.14    148.921   -15.1819    55.2033    22.2802     698
    700     0.75       0.9986400499983574       0.9986400499983574    54.52367    40.55    0.19   154.4437   -11.5358    61.9123    20.5075     699
    701     0.75       0.9696991000018897       0.9696991000018897    63.07173    40.55    0.99   159.4287    -7.2954     68.646    19.0862     700
    702     0.75       0.9238772999960929       0.9238772999960929     71.6198    40.55    0.64   163.8795    -2.5518    75.4055    18.0374     701
    703     0.75        0.938460599994869        0.938460599994869    80.23141    40.55    0.57   167.8435      2.652    82.2365    17.3736     702
    704     0.75       0.9760763999984192       0.9760763999984192    88.84822    40.55    0.41   171.3143     8.2113    89.0843    17.1144     703
    705     0.75       1.0189930999986245       1.0189930999986245    97.46504    40.55    0.13   174.3127    14.0583    95.9337    17.2643     704
    706      1.0         2.93968754999878         2.93968754999878   106.08185    40.55    0.09   176.8524    20.1368   102.7732    17.8212     705
    707     0.75       1.1316666999991867       1.1316666999991867   114.69867    40.55    0.06   178.9293    26.3978   109.5933     18.776     706
    708      0.5       2.0049189499986824       2.0049189499986824   123.31548    40.55    0.04   180.5131    32.7963    116.388    20.1141     707
    709      0.5       2.0114641500003927       2.0114641500003927    131.9323    40.55    0.03   181.5322    39.2892   123.1567    21.8152     708
    710      0.5       2.0619907499967667       2.0619907499967667   140.54911    40.55    0.02   181.8477    45.8299   129.9057    23.8544     709
    711      1.0       2.9146296000035363       2.9146296000035363   149.16593    40.55    0.01   181.2014     52.361   136.6492    26.2027     710
    712      1.0       2.9482176000019535       2.9482176000019535   157.78274    40.55    0.01   179.1068    58.7987    143.411    28.8279     711
    713      1.0       2.9278704000025755       2.9278704000025755   166.39956    40.55    0.02   174.6106    64.9955   150.2251    31.6947     712
    714      1.0        2.942540550000558        2.942540550000558   175.01637    40.55    0.02   165.7887    70.6464   157.1382    34.7648     713
    715      1.0       2.9371643000013137       2.9371643000013137   183.63319    40.55    0.01   149.1913    75.0527    164.211    37.9969     714
    716      1.0        2.938043950001884        2.938043950001884      192.25    40.55    0.01      123.0      76.85    171.522    41.3453     715
    717      1.0       2.9579051000036998       2.9579051000036998   200.86681    40.55    0.01    96.8087    75.0527   179.1704    44.7589     716
    718      1.0       2.9187037000010605       2.9187037000010605   209.48363    40.55    0.02    80.2113    70.6464   187.2815    48.1783     717
    719      1.0       2.9433448999989196       2.9433448999989196   218.10044    40.55    0.01    71.3894    64.9955   196.0095    51.5328     718
    720      1.0        2.947760400002153        2.947760400002153   226.71726    40.55    0.01    66.8932    58.7987   205.5381    54.7354     719
    721      1.0       2.8973611000037636       2.8973611000037636   235.33407    40.55    0.02    64.7986     52.361   216.0677    57.6782     720
    722      1.0       2.9142071999995096       2.9142071999995096   243.95089    40.55    0.01    64.1523    45.8299   227.7789    60.2281     721
    723      1.0       2.8924999500013655       2.8924999500013655    252.5677    40.55    0.02    64.4678    39.2892   240.7533    62.2307     722
    724      1.0       2.8893981499968504       2.8893981499968504   261.18452    40.55    0.04    65.4869    32.7963   254.8575    63.5266     723
    725      1.0       2.8628472999989754       2.8628472999989754   269.80133    40.55    0.03    67.0707    26.3978   269.6558    63.9891     724
    726      1.0       2.9029860999944503       2.9029860999944503   278.41815    40.55    0.04    69.1476    20.1368   284.4709     63.567     725
    727      1.0       2.8694386500028486       2.8694386500028486   287.03496    40.55    0.11    71.6873    14.0583    298.619    62.3071     726
    728      0.5       2.0039698999971733       2.0039698999971733   295.65178    40.55     0.2    74.6857     8.2113   311.6506    60.3337     727
    729     0.75       0.9127315000005183       0.9127315000005183   304.26859    40.55    1.15    78.1565      2.652   323.4194    57.8055     728
    730     0.75       0.9135879000023124       0.9135879000023124   312.82187    40.55    0.72    82.0919    -2.5179   333.9259    54.9005     729
    731      1.0       2.8909142999982578       2.8909142999982578    321.3116    40.55    0.19     86.507    -7.2339    343.368    51.7572     730
    732      1.0       2.8913946999964537       2.8913946999964537     329.743    40.55    0.29    91.4131   -11.4275   351.9629    48.4832     731
    733      1.0       2.8964235999956145       2.8964235999956145    338.1744    40.55    0.12    96.8425   -15.0455   359.9525    45.1403     732
    734      1.0       2.8978472000017064       2.8978472000017064    346.6058    40.55    0.17   102.7717    -17.997     7.4843     41.796     733
    735      1.0       2.8817823999997927       2.8817823999997927    355.0372    40.55    0.14   109.1382   -20.1941    14.6786    38.5072     734
    736      1.0        2.912685199997213        2.912685199997213     2.21291    47.75    0.08   116.0539   -14.3091    25.3468    41.9753     735
    737      1.0       2.8483217999964836       2.8483217999964836       12.25    47.75     0.1      123.0     -14.85    32.9161    38.4908     736
    738     0.75       1.4490914499983774       1.4490914499983774    22.28709    47.75    0.07   129.9461   -14.3091    40.3419    35.2894     737
    739      0.5       1.9191725000018778       1.9191725000018778    32.32418    47.75    0.16   136.6847   -12.7105    47.6945    32.4204     738
    740     0.75       0.9880207999958657       0.9880207999958657    42.36127    47.75    0.23   143.0382   -10.1214    55.0216     29.929     739
    741     0.75       0.8549710500010406       0.8549710500010406    52.39836    47.75    0.44   148.8775    -6.6404     62.353    27.8554     740
    742     0.75       0.9270948999983375       0.9270948999983375    62.43545    47.75    0.85   154.1249    -2.3827    69.7043    26.2343     741
    743     0.75       0.9373958500000299       0.9373958500000299    72.25385    47.75    0.73   158.6498     2.4194    76.9187    25.1134     742
    744     0.75       1.0039929999984452       1.0039929999984452    81.85354    47.75    0.29   162.4813     7.6203    83.9908    24.4805     743
    745     0.75       1.0175231999965035       1.0175231999965035    91.27823    47.75    0.19   165.6701    13.1226    90.9431    24.3149     744
    746      1.0        2.937650500003656        2.937650500003656   100.70292    47.75    0.12   168.2823    18.9372    97.8939    24.6036     745
    747      0.5        2.037199000005785        2.037199000005785   110.12762    47.75    0.08   170.2916    24.9902   104.8331    25.3419     746
    748      0.5        1.996550900003058        1.996550900003058   119.55231    47.75    0.06     171.64    31.2106   111.7535     26.518     747
    749      0.5       1.9973147999990033       1.9973147999990033     128.977    47.75    0.03    172.219    37.5255   118.6526    28.1135     748
    750      1.0        2.947037050002109        2.947037050002109   138.40169    47.75    0.02   171.8382    43.8519   125.5352    30.1042     749
    751      1.0       2.9563715000003867       2.9563715000003867   147.82638    47.75    0.02   170.1748    50.0827   132.4155    32.4608     750
    752      1.0       2.9555786999990232       2.9555786999990232   157.25108    47.75    0.01   166.6889    56.0615   139.3186    35.1497     751
    753      1.0        2.943043999999645        2.943043999999645   166.67577    47.75    0.02   160.5138    61.5342   146.2838    38.1338     752
    754      1.0       2.9568345000006957       2.9568345000006957   176.10046    47.75    0.02   150.4537    66.0684   153.3674    41.3722     753
    755      1.0       2.9592824499995913       2.9592824499995913   185.52515    47.75    0.02   135.6822    68.9838   160.6481    44.8205     754
    756      1.0       2.9444791999994777       2.9444791999994777   194.94985    47.75    0.01   117.8014    69.5411   168.2345    48.4289     755
    757      1.0       2.9476852000007057       2.9476852000007057   204.72454    47.75    0.02   100.7532    67.4423   176.5867    52.2791     756
    758      1.0        2.943448999998509        2.943448999998509   214.49923    47.75    0.01    88.5269    63.2707   185.6642    56.1625     757
    759      1.0       2.9214814500010107       2.9214814500010107   224.27392    47.75    0.02    80.9181    57.8597   195.7967     59.979     758
    760      1.0        2.900816000001214        2.900816000001214   234.04862    47.75    0.01    76.5829    51.7818   207.4365    63.5912     759
    761      1.0       2.8952777000013157       2.8952777000013157   243.82331    47.75    0.01    74.4298    45.3695   221.1467    66.8034     760
    762      1.0       2.8990972000028705       2.8990972000028705     253.598    47.75    0.02    73.7726    38.8198   237.4405    69.3423     761
    763      1.0       2.8740104000025894       2.8740104000025894   263.37269    47.75    0.02    74.2057    32.2614      256.3    70.8743     762
    764      1.0        2.875960600002145        2.875960600002145   273.14738    47.75    0.04    75.4941    25.7907     276.55    71.1177     763
    765      1.0        2.902106499997899        2.902106499997899   282.92208    47.75    0.06    77.5052    19.4902   296.1074    70.0206     764
    766      1.0       2.8942824000041583       2.8942824000041583   292.69677    47.75     0.1    80.1691     13.439   313.3661     67.801     765
    767      1.0        2.867141200003971        2.867141200003971   302.47146    47.75    0.25    83.4543     7.7191   327.9506     64.793     766
    768     0.75       0.9138425999990432       0.9138425999990432   312.24615    47.75    1.92    87.3502     2.4194   340.2596    61.2971     767
    769     0.75       0.9102199999979348       0.9102199999979348   322.06455    47.75    1.21    91.8751    -2.3827   350.9145    57.5179     768
    770     0.75       0.9069849500046985       0.9069849500046985   332.10164    47.75    0.28    97.1225    -6.6404     0.5591    53.5407     769
    771      1.0        2.911087899999984        2.911087899999984   342.13873    47.75    0.14   102.9618   -10.1214     9.3382    49.5673     770
    772      1.0        2.896741899996414        2.896741899996414   352.17582    47.75    0.12   109.3153   -12.7105    17.5344     45.688     771
    773      0.5       1.9764235999973607       1.9764235999973607     6.95487    54.95    0.26   119.9355    -7.5242    34.3391    46.3389     772
    774      0.5       1.9349536999980046       1.9349536999980046    17.54512    54.95    0.41   126.0644    -7.5242    41.5015    43.0184     773
    775     0.75        0.919432800001232        0.919432800001232    28.13537    54.95    0.28   132.1034    -6.5258    48.5838     40.044     774
    776     0.75       0.9134722000017064       0.9134722000017064    38.72562    54.95     0.4   137.8829    -4.5684    55.6379    37.4586     775
    777     0.75       0.9054282500001136       0.9054282500001136    49.31587    54.95    1.35   143.2612    -1.7248    62.6956    35.3008     776
    778     0.75       0.9069097000028705       0.9069097000028705    60.11656    54.95    0.67    148.223     1.9883     69.914    33.5752     777
    779     0.75       0.9328936000019894       0.9328936000019894    71.12768    54.95    0.35   152.6574     6.5005     77.299    32.3397     778
    780     0.75       1.0087847499999043       1.0087847499999043    82.05244    54.95    0.42   156.3788    11.5784    84.6473    31.6583     779
    781      1.0        2.959432849998848        2.959432849998848    92.97719    54.95    0.12   159.3777    17.1327    92.0055    31.5314     780
    782      1.0       2.9381018000058248       2.9381018000058248   103.90195    54.95    0.06   161.5965    23.0442    99.3598    31.9615     781
    783      0.5       2.0962269000010565       2.0962269000010565   114.82671    54.95    0.06   162.9463    29.1937   106.6977    32.9406     782
    784      0.5       2.0811227000012877       2.0811227000012877   125.75146    54.95    0.05   163.2813     35.455   114.0109    34.4513     783
    785      1.0       2.9284722000011243       2.9284722000011243   136.67622    54.95    0.02   162.3661    41.6817   121.2994    36.4671     784
    786      1.0        2.956539299993892        2.956539299993892   147.60097    54.95    0.02   159.8357    47.6866    128.575     38.954     785
    787      1.0       2.9444444500004465       2.9444444500004465   158.52573    54.95    0.01   155.1653    53.2072   135.8648    41.8721     786
    788      1.0       2.9531366000010166       2.9531366000010166   169.45049    54.95    0.01   147.7301    57.8621   143.2165    45.1759     787
    789      1.0        2.950057799993374        2.950057799993374   180.37888    54.95    0.01   137.1622    61.1283   150.7086    48.8168     788
    790      1.0        2.957065999999031        2.957065999999031      191.39    54.95    0.01   124.0676    62.4429   158.5158    52.7698     789
    791      1.0       2.9469386999990093       2.9469386999990093   202.40112    54.95    0.02   110.7624    61.4771   166.7683    56.9457     790
    792      1.0       2.9503355999986525       2.9503355999986525   213.41224    54.95    0.01    99.6542    58.4543    175.765    61.2695     791
    793      1.0       2.9247337999950105       2.9247337999950105   224.50609    54.95    0.02    91.6598    53.8933   186.0916     65.676     792
    794      1.0       2.8853935500010266       2.8853935500010266   235.60357    54.95    0.01    86.5944    48.3727   198.5921    69.9836     793
    795      1.0       2.8970660000013595       2.8970660000013595   246.70105    54.95    0.03    83.8119    42.3128   214.8717    73.9269     794
    796      1.0       2.8812210999967647       2.8812210999967647   257.79854    54.95    0.03    82.7444    36.0001   237.3407    77.0018     795
    797      1.0       2.8981365999970876       2.8981365999970876   268.89602    54.95    0.03    82.9941    29.6371   266.8517    78.3772     796
    798      1.0       2.9084607000040705       2.9084607000040705   279.99351    54.95    0.05     84.305    23.3794   297.2785    77.4407     797
    799      1.0       2.8515856499980146       2.8515856499980146   291.09099    54.95    0.11    86.5193    17.3604   321.2327      74.63     798
    800      1.0       2.8813020499983395       2.8813020499983395   302.18847    54.95    0.27    89.5415    11.7051   338.5376    70.8087     799
    801     0.75       0.9108680999997887       0.9108680999997887   313.28596    54.95    0.78    93.3105     6.5384   351.6331    66.5472     800
    802     0.75       0.9116319499989913       0.9116319499989913   324.38344    54.95    1.02     97.777     1.9883     2.3054    62.1448     801
    803     0.75       0.9053414499976498       0.9053414499976498   335.18412    54.95    0.44   102.7388    -1.7248    11.3359    57.8841     802
    804     0.75        0.901956000001519        0.901956000001519   345.77437    54.95     0.4   108.1171    -4.5684    19.4111    53.8266     803
    805     0.75       0.9013542000029702       0.9013542000029702   356.36462    54.95    0.42   113.8966    -6.5258    27.0162    49.9588     804
    806     0.75       0.8954630000007455       0.8954630000007455     6.66667    62.15    1.14   120.3949    -0.3373    40.8671    52.1519     805
    807     0.75       0.9189120500013814       0.9189120500013814        20.0    62.15     1.0   126.6119    -0.2329    48.6209    48.3879     806
    808     0.75       0.8965624999982538       0.8965624999982538    33.33333    62.15    0.75   132.6763     1.1408    56.3898    45.1618     807
    809     0.75       0.8716204000011203       0.8716204000011203    46.66667    62.15    0.68    138.343     3.7124    64.2103    42.5357     808
    810     0.75       0.9769039500024519       0.9769039500024519        60.0    62.15    0.65   143.4059     7.3559    72.0934     40.563     809
    811     0.75       1.0527951999974903       1.0527951999974903    73.33333    62.15     0.4   147.7026    11.9085    80.0316    39.2862     810
    812     0.75        1.028425899996364        1.028425899996364    86.66667    62.15    0.19   151.1003    17.1862    88.0045    38.7338     811
    813      1.0       2.9438542000061716       2.9438542000061716       100.0    62.15    0.13   153.4698    22.9927    95.9847    38.9183     812
    814      1.0       2.9402661999993143       2.9402661999993143   113.33333    62.15    0.07   154.6528    29.1191   103.9434    39.8355     813
    815      1.0        2.889560099996743        2.889560099996743   126.66667    62.15    0.11    154.428     35.334   111.8559    41.4647     814
    816      1.0        2.958090300002368        2.958090300002368       140.0    62.15    0.03   152.4815     41.362   119.7076    43.7702     815
    817      1.0       2.9415855999977794       2.9415855999977794   153.33333    62.15    0.01   148.4116    46.8527   127.4996    46.7036     816
    818      1.0       2.9214699000003748       2.9214699000003748   166.66667    62.15    0.01   141.8444    51.3508   135.2543    50.2068     817
    819      1.0        2.959247700004198        2.959247700004198       180.0    62.15    0.02   132.7825    54.3118   143.0254    54.2147     818
    820      1.0       2.9733218000037596       2.9733218000037596   193.33333    62.15    0.02   122.1123    55.2425   150.9143    58.6569     819
    821      1.0       2.9413656999968225       2.9413656999968225   206.66667    62.15    0.02   111.5988    53.9581   159.1085    63.4586     820
    822      1.0        2.926238399995782        2.926238399995782       220.0    62.15    0.01   102.9104    50.7095   167.9796    68.5378     821
    823      1.0        2.895138899999438        2.895138899999438   233.33333    62.15    0.02     96.765    46.0146   178.3766    73.7947     822
    824      1.0        2.882222249998449        2.882222249998449   246.66667    62.15    0.02     93.069    40.4086   192.7452    79.0644     823
    825      1.0        2.893709450003371        2.893709450003371       260.0    62.15    0.02    91.4278    34.3288   220.9502    83.8342     824
    826      1.0         2.89329859999998         2.89329859999998   273.33333    62.15    0.04    91.4505     28.111   289.6242     85.361     825
    827      1.0       2.8977893500014034       2.8977893500014034   286.66667    62.15    0.05    92.8393    22.0217   336.2695    81.5841     826
    828      1.0         2.91385420000006         2.91385420000006       300.0    62.15    0.06    95.3854    16.2873   355.2321    76.4443     827
    829      1.0        2.907453699997859        2.907453699997859   313.33333    62.15    0.54    98.9377    11.1143     7.1025    71.1518     828
    830     0.75       0.8960069999957341       0.8960069999957341   326.66667    62.15    0.47   103.3685     6.6973    16.5763    65.9691     829
    831     0.75       0.9040277999956743       0.9040277999956743       340.0    62.15    0.86   108.5417     3.2177    25.0438    61.0177     830
    832     0.75       0.8911342999999761       0.8911342999999761   353.33333    62.15    0.95   114.2881     0.8335    33.0539     56.386     831
    833     0.75       0.9062094500004605       0.9062094500004605     8.57143    69.35    0.67   121.6944     6.7872    50.3275    56.8905     832
    834     0.75        0.982071750000614        0.982071750000614    25.71429    69.35    0.55    127.748     7.2468    58.2077    52.9083     833
    835     0.75       0.9798843000025954       0.9798843000025954    42.85714    69.35    0.88   133.4824     9.2741    66.4204    49.7402     834
    836     0.75         1.00282409999636         1.00282409999636        60.0    69.35    0.44    138.522     12.716    74.8763    47.4807     835
    837      1.0        2.928865699999733        2.928865699999733    77.14286    69.35     0.2    142.543    17.3245    83.4898    46.2011     836
    838      1.0        2.938854200001515        2.938854200001515    94.28571    69.35    0.09   145.2603    22.7836     92.172     45.943     837
    839      1.0         2.91634250000061         2.91634250000061   111.42857    69.35    0.04   146.3902     28.723   100.8312    46.7151     838
    840      1.0       2.9355844499987143       2.9355844499987143   128.57143    69.35    0.03   145.6149    34.7127   109.3768    48.4918     839
    841      1.0        2.964901600000303        2.964901600000303   145.71429    69.42    0.13   142.5148     40.204    117.663    51.2756     840
    842      1.0       2.9502603500004625       2.9502603500004625   162.85714    69.35    0.03   137.0941    44.7025   125.7801    54.8043     841
    843      1.0       2.9378819999983534       2.9378819999983534       180.0    69.35    0.01    129.352    47.4426   133.4541    59.1526     842
    844      1.0        2.962945600000239        2.962945600000239   197.14286    69.35    0.02   120.4259    47.9523   140.5956    64.1428     843
    845      1.0       2.9250058500001614       2.9250058500001614   214.28571    69.35    0.02   111.9945    46.1253   146.8992    69.6454     844
    846      1.0       2.9195833500016306       2.9195833500016306   231.42857    69.35    0.03   105.4621    42.3253   151.5264    75.5144     845
    847      1.0       2.8791376999979548       2.8791376999979548   248.57143    69.35    0.03   101.3884    37.1752   151.1322    81.5398     846
    848      1.0        2.896261500005494        2.896261500005494   265.71429    69.35    0.04     99.689    31.3151   117.9986    86.7818     847
    849      1.0        2.875653950002743        2.875653950002743   282.85714    69.35    0.07   100.0428    25.2973    35.8855    84.4417     848
    850      1.0       2.8823726999980863       2.8823726999980863       300.0    69.35    0.15   102.1151    19.5836    27.5563    78.5278     849
    851      1.0        2.908368000003975        2.908368000003975   317.14286    69.35    0.27   105.6104     14.568    30.4782    72.5445     850
    852      1.0        2.899004699997022        2.899004699997022   334.28571    69.35    0.43   110.2496    10.5906    36.1163    66.8386     851
    853      1.0        2.912928199999442        2.912928199999442   351.42857    69.35     0.5   115.7288     7.9313    42.8953    61.5753     852
    854      1.0        2.843842599999334        2.843842599999334        12.0    76.55    0.32   122.9401    13.9501    62.1845    60.8188     853
    855      0.5       1.9709607000040705       1.9709607000040705        36.0    76.55    0.61    128.565    14.9848    69.8311    56.9228     854
    856      1.0       2.8818171999955666       2.8818171999955666        60.0    76.55    0.13   133.4289    17.9828    78.5011    54.3107     855
    857      1.0       2.9515740999995614       2.9515740999995614        84.0    76.55    0.11   136.8347     22.514    87.6761    53.1591     856
    858      1.0       2.9199652999959653       2.9199652999959653       108.0    76.55    0.06   138.1838    27.9219    96.9478    53.5451     857
    859      1.0         2.93770829999994         2.93770829999994       132.0    76.55    0.03   136.9932    33.3703   105.9253    55.4429     858
    860      1.0       2.9567592999956105       2.9567592999956105       156.0    76.55    0.03   133.0361    37.8874   114.1611    58.7251     859
    861      1.0       2.9168055999980425       2.9168055999980425       180.0    76.55     0.1   126.7209    40.4948   121.0156    63.1661     860
    862      1.0       2.9541724999980943       2.9541724999980943       204.0    76.55    0.03   119.4275     40.523   125.3035    68.4271     861
    863      1.0       2.9090161999993143       2.9090161999993143       228.0    76.55    0.03   113.0744    37.9643   124.2858    73.9613     862
    864      1.0       2.8861921000025177       2.8861921000025177       252.0    76.55    0.03    109.061    33.4775   111.3468    78.6118     863
    865      1.0       2.8773378999976558       2.8773378999976558       276.0    76.55    0.08   107.8137    28.0381     82.074    79.8447     864
    866      1.0       2.8823032500004047       2.8823032500004047       300.0    76.55    0.11   109.1143    22.6203    60.0762    76.5184     865
    867      1.0       2.8814120500028366       2.8814120500028366       324.0    76.55    0.45    112.483    18.0635    54.2543    71.2093     866
    868      1.0       2.9025347999995574       2.9025347999995574       348.0    76.55    0.26   117.3233    15.0283    56.4048    65.7211     867
